
mu = 0.0793;

Izh_mf_ode45